tree
version=v4
num_class=1
num_tree_per_iteration=1
label_index=0
max_feature_idx=14
objective=binary sigmoid:1
feature_names=price_change_max taker_buy_ratio_peak vol_burst_max trade_count_max price_acceleration baseline_volume_mean baseline_volume_std baseline_trade_count_mean baseline_trade_count_std baseline_candle_range_mean baseline_candle_range_std vol_zscore_peak vol_ratio_vs_7d trade_count_zscore range_expansion_ratio
feature_infos=[0:0.24325782092772377] [0:1] [0:564473310] [0:3219] [0:0.2293785588062045] [51.830602395209574:397389799.60869563] [71.0389417213553:1188950627.3838649] [12.892215568862275:26202.875] [30.63623139319434:19023.252573975446] [7.2619047619047604e-09:0.00033467065868263477] [2.8947658338737242e-09:0.00033382013848297457] [-1.6810231556976869:4.7325909658201031] [0:10.773677477298007] [-2.4860650679953165:2.9678708150386126] [0:7.8087649402390431]
tree_sizes=973 969 978 969 869 978 975 978 973 872 879 770 971 983 982 876 982 769 670 777 980 976 669 875 770 669 775 976 686 780 984 779 576 982 774 675 884 886 570 876 667 990 983 674 888 874 776 884 666 989 681 983 880 878 989 977 680 985 576 882 984 877 675

Tree=0
num_leaves=8
num_cat=0
split_feature=13 3 13 11 3 8 10
split_gain=331.057 108.302 51.1499 49.5119 52.0958 43.6184 42.9484
threshold=-0.48868782064880573 26.500000000000004 -0.78707973076245563 -0.2689723435787495 48.500000000000007 232.86793856068843 3.0888141219439469e-08
decision_type=2 2 2 2 2 2 2
left_child=1 6 -3 4 -2 -5 -1
right_child=3 2 -4 5 -6 -7 -8
leaf_value=-0.95612157844486867 -0.62635047501503105 -1.1439690401126539 -0.88680405905697768 -0.7178988670698736 -0.91133245078452096 -0.53177844495438098 -0.70069119938957125
leaf_weight=15.868179976940153 54.456780254840851 24.987751364707947 39.354844987392426 28.790713369846344 16.521372437477112 183.2832897901535 72.165204346179962
leaf_count=59 95 121 130 66 57 216 158
internal_value=-0.680992 -0.848052 -0.986675 -0.591059 -0.692685 -0.557046 -0.746733
internal_weight=435.428 152.376 64.3426 283.052 70.9782 212.074 88.0334
internal_count=902 468 251 434 152 282 217
is_linear=0
shrinkage=1


Tree=1
num_leaves=8
num_cat=0
split_feature=13 10 13 3 3 2 14
split_gain=199.829 59.6952 50.3589 38.9624 30.2195 25.1128 9.42151
threshold=-0.77652928914979358 1.5361656777105069e-08 -0.421918667667321 23.500000000000004 24.500000000000004 596100.00000000012 0.39485288180231254
decision_type=2 2 2 2 2 2 2
left_child=4 3 -3 -2 6 -6 -1
right_child=1 2 -4 -5 5 -7 -8
leaf_value=0.12117359412196238 0.18220153558463581 0.20390408135834692 0.30955160318904812 -0.20575408230546907 -0.18717468560794159 0.15972938412113552 -0.069320918848169766
leaf_weight=24.271107748150829 13.682960823178293 131.33414743840694 277.63963477313519 8.1698454320430738 22.115402981638912 5.0687589049339286 6.50570523738861
leaf_count=64 32 281 327 38 119 16 25
internal_value=0.230562 0.263529 0.275625 0.0371612 -0.0144887 -0.122491 0.0809062
internal_weight=488.788 430.827 408.974 21.8528 57.961 27.1842 30.7768
internal_count=902 678 608 70 224 135 89
is_linear=0
shrinkage=0.140573


Tree=2
num_leaves=8
num_cat=0
split_feature=13 10 13 8 14 12 3
split_gain=130.187 53.0861 34.914 28.7753 25.5589 22.7161 0.0382088
threshold=-0.77652928914979358 1.4745855129461083e-08 -0.33001779165943818 282.5288520709388 0.41402062772751108 0.26656367241881895 28.500000000000004
decision_type=2 2 2 2 2 2 2
left_child=4 3 -3 -2 5 -1 -6
right_child=1 2 -4 -5 6 -7 -8
leaf_value=-0.0087614316374820568 -0.13657268931570685 0.17768572204514699 0.25739504460534329 0.24056492634614413 -0.19861901539771629 0.25772492051409962 -0.18251857788386608
leaf_weight=36.586469575762749 12.934635400772097 196.63859970867634 242.51030524075031 5.7862726151943198 4.4820058792829505 7.6412357091903678 8.3376394510269147
leaf_count=139 56 362 250 10 22 15 48
internal_value=0.186871 0.211821 0.221703 -0.0200066 -0.0133784 0.0372795 -0.188148
internal_weight=514.917 457.87 439.149 18.7209 57.0474 44.2277 12.8196
internal_count=902 678 612 66 224 154 70
is_linear=0
shrinkage=0.140573


Tree=3
num_leaves=8
num_cat=0
split_feature=11 10 13 12 7 3 7
split_gain=96.8931 44.4437 31.5787 22.316 21.2907 15.9774 0.098994
threshold=-0.6845796234282937 1.4360162243423053e-08 -0.421918667667321 0.097599502664472079 874.65014613629899 23.500000000000004 236.63641166525784
decision_type=2 2 2 2 2 2 2
left_child=3 5 -3 4 -1 -2 -5
right_child=1 2 -4 6 -6 -7 -8
leaf_value=0.099427004113533432 0.067591647751783529 0.13284022562657835 0.21014645768599008 -0.20785627967292231 -0.1856046786888334 -0.19081318521549356 -0.18376070170566153
leaf_weight=19.826596051454548 12.569946959614755 158.86166842281818 304.67390491068363 5.5372344106435767 7.0093580037355414 7.5795083343982688 8.6126711964607221
leaf_count=54 36 322 332 27 40 40 51
internal_value=0.157183 0.174768 0.183652 -0.0503416 0.0249787 -0.029611 -0.19319
internal_weight=524.671 483.685 463.536 40.9859 26.836 20.1495 14.1499
internal_count=902 730 654 172 94 76 78
is_linear=0
shrinkage=0.140573


Tree=4
num_leaves=7
num_cat=0
split_feature=13 3 6 3 8 4
split_gain=71.6693 38.3016 33.7627 27.1452 23.0373 19.5533
threshold=-0.51265776752523939 26.500000000000004 186721.8381833336 265.00000000000006 252.31385862144592 0.0059618067932727956
decision_type=2 2 2 2 2 2
left_child=1 5 -3 4 -2 -1
right_child=3 2 -4 -5 -6 -7
leaf_value=0.19785134260195775 0.1077722441574393 -0.20605740926335814 0.031255332807943612 -0.00088783584074417264 0.19693221225744972 0.065838211016934295
leaf_weight=33.941941693425179 72.404634773731232 15.915867224335669 46.337661191821098 17.555104374885559 273.89356935024261 63.933606520295143
leaf_count=50 135 85 154 40 283 155
internal_value=0.135156 0.0567883 -0.0294165 0.169646 0.17829 0.111619
internal_weight=523.982 160.129 62.2535 363.853 346.298 97.8755
internal_count=902 444 239 458 418 205
is_linear=0
shrinkage=0.140573


Tree=5
num_leaves=8
num_cat=0
split_feature=11 13 12 12 3 5 11
split_gain=62.1471 33.6639 46.0755 17.0602 16.1713 15.7386 0.0827154
threshold=-0.6845796234282937 -0.30679011505113657 0.23084199538335973 0.097599502664472079 142.50000000000003 747100.23005952395 -0.74519911977024977
decision_type=2 2 2 2 2 2 2
left_child=3 2 -2 5 -3 -1 -5
right_child=1 4 -4 6 -6 -7 -8
leaf_value=0.066570528114446872 0.13297857097522875 0.18803450411726569 -0.0029254333845944573 -0.17849627267653392 0.09279477919787911 -0.19809335971424163 -0.20314994258716793
leaf_weight=21.407479494810108 178.96422348916531 187.88212311267853 68.036660566926003 8.7927483767271024 43.360872179269791 5.6018477380275717 3.8761483430862418
leaf_count=65 292 183 186 58 69 29 20
internal_value=0.117604 0.13163 0.0955437 -0.0514513 0.170176 0.0116781 -0.186039
internal_weight=517.922 478.244 247.001 39.6782 231.243 27.0093 12.6689
internal_count=902 730 478 172 252 94 78
is_linear=0
shrinkage=0.140573


Tree=6
num_leaves=8
num_cat=0
split_feature=13 10 14 14 0 2 3
split_gain=49.3549 30.0497 21.5289 17.3336 16.3992 13.719 0.0844022
threshold=-0.77652928914979358 1.4360162243423053e-08 0.92982893752215012 0.41402062772751108 0.013463212851145668 277844.00000000006 28.500000000000004
decision_type=2 2 2 2 2 2 2
left_child=3 4 -3 5 -2 -1 -5
right_child=1 2 -4 6 -6 -7 -8
leaf_value=-0.015047558227959536 -0.20499977922992563 0.13793933158356733 0.046011342626007236 -0.19753922350481629 0.072186309428264234 0.20917679362928254 -0.17205063531412387
leaf_weight=38.193911515176296 8.381910979747774 377.58040951192379 58.086735486984253 4.2135899439454061 8.4899712800979596 6.2785503566265097 6.5763701573014259
leaf_count=140 41 507 108 22 22 14 48
internal_value=0.10324 0.118554 0.125683 -0.0221709 -0.065519 0.0166081 -0.182004
internal_weight=507.801 452.539 435.667 55.2624 16.8719 44.4725 10.79
internal_count=902 678 615 224 63 154 70
is_linear=0
shrinkage=0.140573


Tree=7
num_leaves=8
num_cat=0
split_feature=13 3 12 9 11 5 11
split_gain=49.9083 45.9555 27.0629 26.9397 13.4273 10.6772 7.88766
threshold=-0.30679011505113657 36.500000000000007 0.22594684971204607 1.6866089250071293e-08 0.067005173306651747 4118.7491771749583 0.24101154411513778
decision_type=2 2 2 2 2 2 2
left_child=1 3 -3 -1 5 -2 -6
right_child=4 2 -4 -5 6 -7 -8
leaf_value=-0.2097554125070378 -0.40199358832562893 0.023918421907110694 -0.14098953309224932 0.098956735424697503 0.12674555595531198 0.15596779701995925 -0.039197113835877775
leaf_weight=5.7557151019573203 0.68013401329517265 56.959992878139019 30.034353896975517 189.28189504891634 10.785158500075342 191.27645309269428 11.911855220794676
leaf_count=27 3 168 116 339 15 204 30
internal_value=0.0908239 0.051949 -0.0330152 0.0898464 0.141901 0.153991 0.0396554
internal_weight=496.686 282.032 86.9943 195.038 214.654 191.957 22.697
internal_count=902 650 284 366 252 207 45
is_linear=0
shrinkage=0.140573


Tree=8
num_leaves=8
num_cat=0
split_feature=11 3 10 8 7 12 3
split_gain=43.1311 44.4965 30.0909 18.956 26.0629 16.3095 14.1487
threshold=-0.33707649243451476 52.500000000000007 3.0888141219439469e-08 232.86793856068843 97.663031080695774 0.22594684971204607 224.50000000000003
decision_type=2 2 2 2 2 2 2
left_child=1 2 -1 4 -2 -3 -5
right_child=3 5 -4 6 -6 -7 -8
leaf_value=-0.099551202350830495 0.09336647117366105 -0.04245358217666316 0.087641658928128002 0.14455542246875566 -0.14083806207704849 -0.23581114382513027 0.02461763748602316
leaf_weight=19.331905916333199 41.71136762201786 30.273670732975006 138.84384100139141 207.87277299165726 12.116994127631186 12.052174769341944 21.440814226865768
leaf_count=75 72 112 262 236 44 59 42
internal_value=0.0803931 0.0305071 0.0647633 0.115719 0.040646 -0.0975117 0.133341
internal_weight=483.644 200.502 158.176 283.142 53.8284 42.3258 229.314
internal_count=902 508 337 394 116 171 278
is_linear=0
shrinkage=0.140573


Tree=9
num_leaves=7
num_cat=0
split_feature=13 7 4 3 11 13
split_gain=37.2247 26.9153 20.3068 15.3798 13.3943 0.974759
threshold=-0.45068335267917942 1307.8772455089822 0.0059618067932727956 265.00000000000006 -0.2689723435787495 -0.74217100258395152
decision_type=2 2 2 2 2 2
left_child=1 2 -1 4 -2 -3
right_child=3 5 -4 -5 -6 -7
leaf_value=0.11324232357923414 0.053620430136153654 -0.17187598830403034 0.0078951334706557665 -0.027626307120107541 0.13027102847143684 -0.2649093703362127
leaf_weight=49.39815715700388 58.083546236157417 5.8101653531193733 134.89979865401983 16.320638865232468 200.76629224419594 3.6073443591594678
leaf_count=83 104 42 372 38 248 15
internal_value=0.0714937 0.024287 0.0361318 0.104726 0.113071 -0.207512
internal_weight=468.886 193.715 184.298 275.17 258.85 9.41751
internal_count=902 512 455 390 352 57
is_linear=0
shrinkage=0.140573


Tree=10
num_leaves=7
num_cat=0
split_feature=11 6 10 12 14 7
split_gain=32.5522 25.1144 20.0168 12.2616 10.4055 0.0908895
threshold=-0.6845796234282937 12970.354363739205 3.6013929690595868e-07 0.097599502664472079 0.39952806438123373 222.77678571428575
decision_type=2 2 2 2 2 2
left_child=3 -2 -3 4 -1 -5
right_child=1 2 -4 5 -6 -7
leaf_value=-0.061802855590046349 -0.14725699154233815 0.055211364621068369 0.11905552902805082 -0.20034048915916872 0.13671442552323279 -0.17431322934603427
leaf_weight=19.758354835212234 9.8322276622056943 248.92541800439358 159.04390763491392 4.2855493649840337 7.0898143127560607 6.958699319511652
leaf_count=77 33 477 220 24 17 54
internal_value=0.0634079 0.0747501 0.0801006 -0.060994 -0.0093802 -0.184233
internal_weight=455.894 417.802 407.969 38.0924 26.8482 11.2442
internal_count=902 730 697 172 94 78
is_linear=0
shrinkage=0.140573


Tree=11
num_leaves=6
num_cat=0
split_feature=13 14 7 13 6
split_gain=30.0391 34.9554 26.7805 12.0634 11.2955
threshold=-0.30679011505113657 0.92982893752215012 1307.8772455089822 0.090677601090044288 14526.298785271929
decision_type=2 2 2 2 2
left_child=1 2 -1 4 -2
right_child=3 -3 -4 -5 -6
leaf_value=0.044013497422902455 -0.31423617692524941 -0.25346865606611585 -0.20524638729753752 -0.021260746148894998 0.11530503593818621
leaf_weight=250.87412118166685 1.2189457565546025 8.5412160865962488 8.8170033097267133 14.620794519782065 160.63871072232723
leaf_count=553 5 39 58 34 213
internal_value=0.055982 0.0263475 0.0355506 0.101024 0.11207
internal_weight=444.711 268.232 259.691 176.478 161.858
internal_count=902 650 611 252 218
is_linear=0
shrinkage=0.140573


Tree=12
num_leaves=8
num_cat=0
split_feature=13 3 6 9 3 8 8
split_gain=24.9907 22.9179 19.2538 18.9228 11.0702 16.1017 12.4706
threshold=-0.30679011505113657 36.500000000000007 186721.8381833336 1.6866089250071293e-08 142.50000000000003 95.869162821228926 577.35628595269748
decision_type=2 2 2 2 2 2 2
left_child=1 3 -3 -1 5 -2 -6
right_child=4 2 -4 -5 6 -7 -8
leaf_value=-0.20563018645700606 -0.28856408178219295 -0.16537934045683661 -0.0022889753092139786 0.058370284331486812 -0.1395986829381905 0.11719092947357931 0.065237954617397148
leaf_weight=5.531830593943595 1.9619845002889622 18.447740718722343 63.68594279512763 178.0493141412735 7.3984443247318259 129.19095247983932 28.489972278475761
leaf_count=27 9 93 191 339 23 174 46
internal_value=0.0495852 0.0228012 -0.0389201 0.0504152 0.0921907 0.111121 0.0230106
internal_weight=432.756 265.715 82.1337 183.581 167.041 131.153 35.8884
internal_count=902 650 284 366 252 183 69
is_linear=0
shrinkage=0.140573


Tree=13
num_leaves=8
num_cat=0
split_feature=11 5 6 3 9 13 13
split_gain=22.3602 19.7026 16.9698 13.5732 11.4145 9.3926 0.338303
threshold=-0.48134573386991403 2383667.1395423445 253356.56997966245 104.50000000000001 4.0845238095238107e-07 -0.20392667818719676 -0.73222710522673451
decision_type=2 2 2 2 2 2 2
left_child=3 2 -2 4 -1 -3 -5
right_child=1 5 -4 6 -6 -7 -8
leaf_value=-0.030493571860887872 0.024806329249832382 -0.18803304741219096 0.096704744089195702 -0.16414395714652977 0.064418369287039312 0.032601597232767149 -0.2244652885548902
leaf_weight=68.971236556768417 98.246489472687244 8.633260563015936 190.95151111483574 3.7942832447588444 39.310271218419075 6.8285509049892417 3.5626981109380713
leaf_count=204 203 32 297 37 98 14 17
internal_value=0.0440376 0.0640135 0.0722794 -0.00859047 0.00396303 -0.0905919 -0.193355
internal_weight=420.298 304.66 289.198 115.638 108.282 15.4618 7.35698
internal_count=902 546 500 356 302 46 54
is_linear=0
shrinkage=0.140573


Tree=14
num_leaves=8
num_cat=0
split_feature=11 14 10 11 11 6 13
split_gain=19.3536 21.6794 15.6678 15.4305 14.2669 6.49766 6.02743
threshold=-0.18320194044406665 0.92982893752215012 3.0888141219439469e-08 0.067005173306651747 0.29759250882671223 295149.63963254186 -0.30679011505113657
decision_type=2 2 2 2 2 2 2
left_child=1 2 -1 6 -5 -3 -2
right_child=3 5 -4 4 -6 -7 -8
leaf_value=-0.059136384331456529 0.025462916034564746 -0.26858038212428181 0.039760412748542695 0.075740881468744817 -0.1560917105389423 -0.060166697396706742 0.11967911206496309
leaf_weight=36.602340035140514 15.729384735226629 6.1222806833684427 234.2243925370276 12.063723877072336 9.2809572368860227 5.7158618122339249 91.311462596058846
leaf_count=125 33 32 517 22 30 15 128
internal_value=0.0388121 0.0182552 0.0263945 0.084072 -0.025063 -0.167951 0.105834
internal_weight=411.05 282.665 270.827 128.386 21.3447 11.8381 107.041
internal_count=902 689 642 213 52 47 161
is_linear=0
shrinkage=0.140573


Tree=15
num_leaves=7
num_cat=0
split_feature=11 6 10 12 14 3
split_gain=18.0204 15.7038 15.3765 9.7682 7.68503 0.100943
threshold=-0.6845796234282937 12970.354363739205 3.6013929690595868e-07 0.097599502664472079 0.39952806438123373 28.500000000000004
decision_type=2 2 2 2 2 2
left_child=3 -2 -3 4 -1 -5
right_child=1 2 -4 5 -6 -7
leaf_value=-0.06221012477202055 -0.13384975684513292 0.026010688168582478 0.086511469594733589 -0.19673468911882364 0.10931109861945161 -0.16780356438475255
leaf_weight=18.945788934826854 9.5947623476386052 224.3432292342186 131.77033909410238 3.9898979365825635 7.0950895920395842 5.9220045451074839
leaf_count=77 33 477 220 22 17 56
internal_value=0.0342801 0.0436159 0.0483974 -0.0606833 -0.0154774 -0.17945
internal_weight=401.661 365.708 356.114 35.9528 26.0409 9.9119
internal_count=902 730 697 172 94 78
is_linear=0
shrinkage=0.140573


Tree=16
num_leaves=8
num_cat=0
split_feature=6 9 5 10 3 13 13
split_gain=15.6944 47.5366 39.9798 16.6382 16.517 12.7072 10.6601
threshold=167346.39184265086 2.0232873538637014e-07 50603.564341499929 1.8871085903273518e-08 41.500000000000007 -0.24385859568833287 -0.73222710522673451
decision_type=2 2 2 2 2 2 2
left_child=1 6 -3 4 -2 -5 -1
right_child=3 2 -4 5 -6 -7 -8
leaf_value=-0.12443242071064674 0.0045102931564717629 0.052056128401792981 -0.23626806059739253 0.036933360434248864 -0.24261099550275853 0.10347681663018807 -0.37501585395535469
leaf_weight=6.1243610829114914 24.973683804273609 84.769041705876589 10.703467082232235 166.82686440460384 6.7998257875442496 85.91123852878809 7.4184066057205182
leaf_count=23 75 174 56 370 37 134 33
internal_value=0.0301224 -0.0152293 0.019732 0.0474997 -0.0483759 0.059553 -0.261696
internal_weight=393.527 109.015 95.4725 284.512 31.7735 252.738 13.5428
internal_count=902 286 230 616 112 504 56
is_linear=0
shrinkage=0.140573


Tree=17
num_leaves=6
num_cat=0
split_feature=7 8 7 12 0
split_gain=14.2825 13.8355 34.418 15.1987 3.4379
threshold=1591.4553571428573 772.95704828527471 240.81529797547765 0.038268076678329731 0.010636530125934266
decision_type=2 2 2 2 2
left_child=1 2 -1 -3 -2
right_child=4 3 -4 -5 -6
leaf_value=0.037531041745088443 -0.074726752634839161 -0.21976702525307495 -0.092207505347106589 0.082770638909472713 -0.25584791106110516
leaf_weight=218.95744477212429 4.6904517635703069 3.3880118802189818 49.550868390128016 104.22164655849338 3.708122581243515
leaf_count=463 30 12 178 193 26
internal_value=0.0266086 0.030657 0.0135889 0.0732454 -0.154695
internal_weight=384.517 376.118 268.508 107.61 8.39857
internal_count=902 846 641 205 56
is_linear=0
shrinkage=0.140573


Tree=18
num_leaves=5
num_cat=0
split_feature=11 11 14 6
split_gain=13.8262 20.4161 17.8784 7.86413
threshold=0.29759250882671223 -0.17113124618786255 0.92982893752215012 14526.298785271929
decision_type=2 2 2 2
left_child=1 2 -1 -3
right_child=-2 3 -4 -5
leaf_value=0.015908371383404701 -0.14768710952859404 -0.28053863421915071 -0.16524351842340662 0.089805473540523942
leaf_weight=265.99926125444472 9.1141604334115964 1.1474272087216366 11.219972429797052 90.33959748595953
leaf_count=659 30 6 48 159
internal_value=0.0233514 0.0275793 0.00857655 0.0851606
internal_weight=377.82 368.706 277.219 91.487
internal_count=902 872 707 165
is_linear=0
shrinkage=0.140573


Tree=19
num_leaves=6
num_cat=0
split_feature=7 6 9 10 0
split_gain=11.3179 12.1958 33.9416 15.5816 2.99686
threshold=1591.4553571428573 161446.40905219005 2.0232873538637014e-07 2.6384527338516673e-08 0.010636530125934266
decision_type=2 2 2 2 2
left_child=1 2 -1 -3 -2
right_child=4 3 -4 -5 -6
leaf_value=-0.22498746678841203 -0.071408939160671536 -0.034368717800847437 0.014431498488601445 0.055982692339589774 -0.24639583884791624
leaf_weight=13.468297045677899 4.5450736135244361 45.704793762415648 89.168664744123816 215.8424382917583 3.366594759747386
leaf_count=55 30 147 216 428 26
internal_value=0.0204657 0.0240792 -0.0169857 0.040194 -0.14587
internal_weight=372.096 364.184 102.637 261.547 7.91167
internal_count=902 846 271 575 56
is_linear=0
shrinkage=0.140573


Tree=20
num_leaves=8
num_cat=0
split_feature=3 13 4 13 9 8 9
split_gain=11.0625 17.0794 18.1479 14.0853 12.2803 11.8262 5.03712
threshold=149.50000000000003 -0.14613479014164729 0.0091823291923285328 -0.3327118868347021 3.3573593073593087e-08 95.869162821228926 1.6006023666951819e-07
decision_type=2 2 2 2 2 2 2
left_child=3 2 -2 4 -1 -5 -3
right_child=1 6 -4 5 -6 -7 -8
leaf_value=-0.081768551839470502 0.12292089582063649 0.082226727335873065 -0.25391287589788414 -0.24996939681998728 0.018589732066730761 0.075688979356381261 -0.04964504529118776
leaf_weight=27.471201840788126 3.2291213981807223 12.461379386484625 11.588317878544329 2.2519032955169669 195.98310096934438 102.631870649755 10.586341708898543
leaf_count=100 10 22 69 11 468 195 27
internal_value=0.017902 -0.0540443 -0.17179 0.0261992 0.0062518 0.0686969 0.021655
internal_weight=366.203 37.8652 14.8174 328.338 223.454 104.884 23.0477
internal_count=902 128 79 774 568 206 49
is_linear=0
shrinkage=0.140573


Tree=21
num_leaves=8
num_cat=0
split_feature=3 6 14 12 14 14 5
split_gain=10.0211 23.6608 15.7845 10.366 24.5672 19.8823 3.24335
threshold=36.500000000000007 75768.326860747839 0.34405355759733397 0.067456092140646115 0.27371968736320285 0.11605747638045809 20117.986259623616
decision_type=2 2 2 2 2 2 2
left_child=3 6 -3 4 -1 -5 -2
right_child=1 2 -4 5 -6 -7 -8
leaf_value=0.045166385150238901 -0.12131854159207997 -0.12422260443397475 0.02322170706926666 -0.20008918041236182 -0.17364406128588869 0.061678589511325752 -0.25998133604376267
leaf_weight=32.825654849410057 6.6404809243977052 16.323475997895002 118.53058614488691 5.9499594718217841 14.671706169843672 157.79464656114578 6.6931930370628834
leaf_count=65 30 77 306 21 54 312 37
internal_value=0.015736 -0.0122884 0.00537423 0.0353954 -0.0224231 0.0521668 -0.190924
internal_weight=359.43 148.188 134.854 211.242 47.4974 163.745 13.3337
internal_count=902 450 383 452 119 333 67
is_linear=0
shrinkage=0.140573


Tree=22
num_leaves=5
num_cat=0
split_feature=13 4 12 3
split_gain=13.1226 10.2162 15.6034 0.309893
threshold=-1.2111810279981261 0.0033938444539831085 0.038268076678329731 26.500000000000004
decision_type=2 2 2 2
left_child=3 -2 -3 -1
right_child=1 2 -4 -5
leaf_value=-0.22635626191091257 0.12164979538645056 -0.1259066935135294 0.018543559328294473 -0.16238000408211822
leaf_weight=2.7917059659957877 17.611708715558052 15.503942139446734 315.1657007355243 3.2247140416875482
leaf_count=14 25 53 772 38
internal_value=0.0137713 0.0173271 0.0117708 -0.192066
internal_weight=354.298 348.281 330.67 6.01642
internal_count=902 850 825 52
is_linear=0
shrinkage=0.140573


Tree=23
num_leaves=7
num_cat=0
split_feature=6 10 3 14 2 13
split_gain=9.57846 32.5374 17.8107 14.1721 11.8204 8.67645
threshold=338264.376962437 1.55160806719867e-07 18.500000000000004 0.86478519822279476 1848655.5000000002 -0.2508016988980199
decision_type=2 2 2 2 2 2
left_child=1 2 -1 -3 5 -2
right_child=4 3 -4 -5 -6 -7
leaf_value=-0.057840155757037937 0.02089443143847014 0.033362585208159233 -0.28229274199136606 -0.11811267353456129 -0.11561465851641013 0.087290512803033168
leaf_weight=17.321249544620517 131.66940456628799 111.60512976255268 11.708542007952927 13.704223329201339 10.101340245455502 55.195927925407887
leaf_count=46 322 264 64 56 42 108
internal_value=0.0119527 -0.0142693 -0.148368 0.0167968 0.0324998 0.0405064
internal_weight=351.306 154.339 29.0298 125.309 196.967 186.865
internal_count=902 430 110 320 472 430
is_linear=0
shrinkage=0.140573


Tree=24
num_leaves=6
num_cat=0
split_feature=13 4 8 2 3
split_gain=10.0491 8.59639 13.6547 4.27562 0.173536
threshold=-1.2111810279981261 0.0059618067932727956 90.738332633301766 97.085000000000022 26.500000000000004
decision_type=2 2 2 2 2
left_child=4 3 -3 -2 -1
right_child=1 2 -4 -5 -6
leaf_value=-0.20878460797330003 0.16988855999325905 -0.1427341612781429 0.0096835997848008018 0.048620132242325816 -0.15771667190330685
leaf_weight=2.5213015004992476 6.4279735684394828 12.141215965151785 267.96555837243795 54.094007536768913 2.7490878757089376
leaf_count=14 7 49 684 110 38
internal_value=0.0104771 0.0134575 0.00307705 0.0614999 -0.182147
internal_weight=345.899 340.629 280.107 60.522 5.27039
internal_count=902 850 733 117 52
is_linear=0
shrinkage=0.140573


Tree=25
num_leaves=5
num_cat=0
split_feature=6 5 8 9
split_gain=8.87294 11.0068 18.7381 10.2365
threshold=12970.354363739205 15526.529744083264 90.738332633301766 1.6836258710801391e-06
decision_type=2 2 2 2
left_child=3 -2 -3 -1
right_child=1 2 -4 -5
leaf_value=0.011610306408236338 0.11069631763214152 -0.17346196931090724 0.013268884460906646 -0.24939975010100091
leaf_weight=6.3722856380045396 21.475330889225006 11.011170119047163 298.42749505024403 5.5598545335233212
leaf_count=14 32 52 774 30
internal_value=0.00908389 0.0133782 0.00662418 -0.110009
internal_weight=342.846 330.914 309.439 11.9321
internal_count=902 858 826 44
is_linear=0
shrinkage=0.140573


Tree=26
num_leaves=6
num_cat=0
split_feature=13 3 13 11 3
split_gain=7.88222 7.82316 12.3726 9.5692 0.0839435
threshold=-1.2111810279981261 149.50000000000003 -0.14613479014164729 -0.17113124618786255 26.500000000000004
decision_type=2 2 2 2 2
left_child=4 3 -3 -2 -1
right_child=1 2 -4 -5 -6
leaf_value=-0.19312923183362285 0.0051700354051908738 -0.15722506219981222 0.013889617224758467 0.067848534226921928 -0.155384631151081
leaf_weight=2.2503950819373122 239.40918106585741 13.61436348594725 21.594768673181534 60.245417147874832 2.4142963946796954
leaf_count=14 593 71 49 137 38
internal_value=0.00787851 0.0104064 -0.0522755 0.0177715 -0.173594
internal_weight=339.528 334.864 35.2091 299.655 4.66469
internal_count=902 850 120 730 52
is_linear=0
shrinkage=0.140573


Tree=27
num_leaves=8
num_cat=0
split_feature=6 9 7 5 12 5 7
split_gain=7.6097 22.6972 11.4047 9.2416 14.3062 8.93787 6.61019
threshold=338264.376962437 2.5619760479041919e-07 240.81529797547765 461432.41461719427 0.057446115927358626 70857.801860564607 88.636227544910199
decision_type=2 2 2 2 2 2 2
left_child=1 5 -3 6 -5 -1 -2
right_child=3 2 -4 4 -6 -7 -8
leaf_value=-0.19104544629699882 0.15133757892231858 0.051532907884146176 -0.045686795896180417 -0.14998722598440964 0.016874586720738636 -0.055996282649147744 0.043964256342678476
leaf_weight=15.048995044082401 13.919553086161612 68.83725306764245 36.480161868035793 11.273031944409011 102.23649064637721 27.164268771186471 60.899832136929035
leaf_count=59 19 138 146 53 267 87 133
internal_value=0.00685684 -0.0170501 0.0178576 0.0255848 0.000302935 -0.104141 0.0639402
internal_weight=335.86 147.531 105.317 188.329 113.51 42.2133 74.8194
internal_count=902 430 284 472 320 146 152
is_linear=0
shrinkage=0.140573


Tree=28
num_leaves=5
num_cat=0
split_feature=11 11 4 10
split_gain=7.89591 10.3815 10.9725 4.76825
threshold=0.29759250882671223 -0.17113124618786255 0.0059618067932727956 1.4360162243423053e-08
decision_type=2 2 2 2
left_child=1 2 -1 -3
right_child=-2 3 -4 -5
leaf_value=0.051573937483388579 -0.12614067936388826 -0.098120317826645737 -0.019305571822395499 0.065554368726857729
leaf_weight=55.258114587515593 8.6978511810302717 3.7108051106333724 197.10637236386538 67.423498637974262
leaf_count=121 30 14 586 151
internal_value=0.00603038 0.00958404 -0.00378568 0.0570161
internal_weight=332.197 323.499 252.364 71.1343
internal_count=902 872 707 165
is_linear=0
shrinkage=0.140573


Tree=29
num_leaves=6
num_cat=0
split_feature=6 10 12 0 3
split_gain=7.5272 11.2176 9.10872 12.2829 10.4955
threshold=12970.354363739205 1.775373004381018e-06 0.071404996726225703 0.0083885506323162461 36.500000000000007
decision_type=2 2 2 2 2
left_child=1 -1 3 -2 -4
right_child=2 -3 4 -5 -6
leaf_value=0.021075168220700789 -0.0076926536745395057 -0.26052269437931663 0.046192297987363087 -0.17046110944922643 -0.0098822636899107089
leaf_weight=6.1157591007649881 41.11275945790112 5.1488546710461378 140.81872272118926 11.7883353382349 124.07765014329925
leaf_count=14 116 30 306 56 380
internal_value=0.00528881 -0.107638 0.00929161 -0.0439636 0.0199269
internal_weight=329.062 11.2646 317.797 52.9011 264.896
internal_count=902 44 858 172 686
is_linear=0
shrinkage=0.140573


Tree=30
num_leaves=8
num_cat=0
split_feature=6 5 9 13 10 11 9
split_gain=7.29532 17.8391 15.7043 8.56023 7.6521 9.57315 8.3636
threshold=167346.39184265086 44894.705000000009 3.011362988309096e-07 -1.0662201923504515 3.0205192045025823e-08 -0.31272649153129872 6.7529761904761912e-08
decision_type=2 2 2 2 2 2 2
left_child=1 2 -1 -3 5 -2 -6
right_child=4 3 -4 -5 6 -7 -8
leaf_value=-0.13686160229465269 -0.10845157922104369 0.053656443278451323 0.031436868782216472 -0.20190672133281193 0.079540176476239288 0.020262484864564678 0.012513683851514417
leaf_weight=13.357663035392759 19.459075888618827 3.1548646339215365 60.94479195959866 14.464340759441255 50.233487481251359 27.633885405957699 137.44255374185741
leaf_count=48 91 16 148 74 92 71 362
internal_value=0.00459655 -0.0289747 0.00118113 -0.156146 0.0177411 -0.0329229 0.030454
internal_weight=326.691 91.9217 74.3025 17.6192 234.769 47.093 187.676
internal_count=902 286 196 90 616 162 454
is_linear=0
shrinkage=0.140573


Tree=31
num_leaves=6
num_cat=0
split_feature=3 8 7 12 9
split_gain=6.49411 9.11467 17.9275 13.9276 7.47173
threshold=265.00000000000006 772.95704828527471 275.54127459366987 0.071404996726225703 1.2786222415795595e-07
decision_type=2 2 2 2 2
left_child=1 2 -1 -3 -2
right_child=4 3 -4 -5 -6
leaf_value=0.011034284429933242 0.023749457454279296 -0.063531714662137362 -0.096287163537257109 0.078582626643039791 -0.18649751566797929
leaf_weight=190.58650480769575 6.0947983376681787 17.289550088346004 36.676559450104833 64.33265152387321 7.3902608072385192
leaf_count=482 14 69 148 148 41
internal_value=0.00401705 0.00818588 -0.00628565 0.0484794 -0.0914728
internal_weight=322.37 308.885 227.263 81.6222 13.4851
internal_count=902 847 630 217 55
is_linear=0
shrinkage=0.140573


Tree=32
num_leaves=4
num_cat=0
split_feature=14 4 12
split_gain=6.37041 8.76394 9.50636
threshold=0.088022327170050277 0.0032106782106782199 0.036891857430297992
decision_type=2 2 2
left_child=-1 -2 -3
right_child=1 2 -4
leaf_value=-0.099993219902566141 0.14086340272933906 -0.1184050076071725 0.0083142151247923759
leaf_weight=11.327136859297751 9.4179877284914237 12.196967257186769 286.32251292746514
leaf_count=38 15 52 797
internal_value=0.00354056 0.00734894 0.00313669
internal_weight=319.265 307.937 298.519
internal_count=902 864 849
is_linear=0
shrinkage=0.140573


Tree=33
num_leaves=8
num_cat=0
split_feature=3 6 10 2 9 3 10
split_gain=6.5373 13.5661 12.5912 6.76465 8.60208 2.54338 2.51706
threshold=36.500000000000007 75768.326860747839 2.090882097155192e-08 195148.50000000003 2.6895851154833199e-08 20.500000000000004 1.2646999235789415e-06
decision_type=2 2 2 2 2 2 2
left_child=3 6 -3 4 -1 -5 -2
right_child=1 2 -4 5 -6 -7 -8
leaf_value=-0.10285918240392457 -0.11498431305863474 -0.17842362749098137 0.0051599275914197794 0.12695269578945706 0.019005162285376312 0.033233655010027903 -0.25019837238065024
leaf_weight=12.388506323099135 7.1301506794989091 7.9030743278563014 112.08209097152576 14.434346772730352 150.45642247051001 9.4805842339992505 4.3990602921694517
leaf_count=50 34 46 337 28 351 23 33
internal_value=0.0030806 -0.0209274 -0.00693218 0.0199868 0.00973426 0.0897998 -0.166576
internal_weight=318.274 131.514 119.985 186.76 162.845 23.9149 11.5292
internal_count=902 450 383 452 401 51 67
is_linear=0
shrinkage=0.140573


Tree=34
num_leaves=6
num_cat=0
split_feature=6 2 10 5 3
split_gain=5.97224 11.4773 7.66936 9.69866 9.51376
threshold=12970.354363739205 123.05950000000001 7.632104658530272e-07 136711.56980146855 15.500000000000002
decision_type=2 2 2 2 2
left_child=1 -1 3 -2 -4
right_child=2 -3 4 -5 -6
leaf_value=0.047048309768033175 -0.046614614500699363 -0.24729542454674561 0.15629912480396943 0.013874204686399714 0.020730485096381597
leaf_weight=5.1792508512735349 74.987291738390923 5.293106566183269 13.438353478908537 173.74366204440594 42.833957396447659
leaf_count=10 219 34 19 474 146
internal_value=0.00265674 -0.101724 0.00624067 -0.00436193 0.0531056
internal_weight=315.476 10.4724 305.003 248.731 56.2723
internal_count=902 44 858 693 165
is_linear=0
shrinkage=0.140573


Tree=35
num_leaves=5
num_cat=0
split_feature=2 6 10 5
split_gain=5.58241 6.37492 10.5613 7.55908
threshold=1848655.5000000002 564861.10656782542 3.6013929690595868e-07 461432.41461719427
decision_type=2 2 2 2
left_child=1 2 -1 -3
right_child=-2 3 -4 -5
leaf_value=-0.050719388086239679 -0.10456426969868664 0.07792884947518236 0.020252152376515394 0.0062962977638700993
leaf_weight=77.736330645158887 9.3646535500884038 41.744340978562832 88.724191915709525 96.189052661880851
leaf_count=246 42 85 260 269
internal_value=0.0023382 0.00562706 -0.0128912 0.0279753
internal_weight=313.759 304.394 166.461 137.933
internal_count=902 860 506 354
is_linear=0
shrinkage=0.140573


Tree=36
num_leaves=7
num_cat=0
split_feature=3 14 4 12 14 12
split_gain=5.46775 10.6823 12.7106 11.8022 6.18334 7.02936
threshold=36.500000000000007 0.34405355759733397 0.0050999397461018456 0.20873539673756411 0.088022327170050277 0.04162998587621692
decision_type=2 2 2 2 2 2
left_child=4 2 -2 -3 -1 -6
right_child=1 3 -4 -5 5 -7
leaf_value=-0.082705256070387451 0.089911559742472183 0.054125978348564495 -0.20131572411806689 -0.040009800915514392 -0.070288645186149967 0.032855004022241389
leaf_weight=11.37614246457815 3.9494966063648453 41.908873299136758 11.837861811742185 70.746787743642926 14.236448682844637 157.57223773188889
leaf_count=37 16 115 75 244 45 370
internal_value=0.0020706 -0.0201665 -0.12846 -0.00499047 0.0176625 0.0243083
internal_weight=311.628 128.443 15.7874 112.656 183.185 171.809
internal_count=902 450 91 359 452 415
is_linear=0
shrinkage=0.140573


Tree=37
num_leaves=7
num_cat=0
split_feature=13 3 13 8 3 9
split_gain=5.64064 10.3248 9.39395 6.05202 10.3834 5.66653
threshold=-0.25143680398353108 149.50000000000003 -0.78393022225680553 256.87208041427482 265.00000000000006 3.4895566010835475e-08
decision_type=2 2 2 2 2 2
left_child=1 5 -3 -2 -5 -1
right_child=3 2 -4 4 -6 -7
leaf_value=-0.055492466387846634 -0.056290309397932711 0.062000448871748694 -0.25213346648625062 0.077531992438555644 -0.083948590459162545 0.0064268539956362581
leaf_weight=34.425779428333044 11.846542950719593 2.696382858324796 6.2218797979876381 52.616492159664631 9.2524150684475881 192.61494108382612
leaf_count=126 39 27 41 130 26 513
internal_value=0.00181434 -0.00878979 -0.157157 0.0357576 0.0533828 -0.00296186
internal_weight=309.674 235.959 8.91826 73.7155 61.8689 227.041
internal_count=902 707 68 195 156 639
is_linear=0
shrinkage=0.140573


Tree=38
num_leaves=4
num_cat=0
split_feature=4 14 5
split_gain=5.3498 9.5945 6.436
threshold=0.0033938444539831085 0.088022327170050277 131560.02576702836
decision_type=2 2 2
left_child=-1 -2 -3
right_child=1 2 -4
leaf_value=0.084540857954775436 -0.1782867771931784 -0.026319587564912872 0.017349797839038585
leaf_weight=14.637864250689743 6.0124170556664458 106.0231139017269 179.77166043408215
leaf_count=29 27 332 514
internal_value=0.00161229 -0.00254763 0.00114948
internal_weight=306.445 291.807 285.795
internal_count=902 873 846
is_linear=0
shrinkage=0.140573


Tree=39
num_leaves=7
num_cat=0
split_feature=7 3 4 2 8 4
split_gain=5.34625 13.8287 34.5536 10.0298 7.71161 8.8251
threshold=97.663031080695774 8.5000000000000018 0.0065285627622828643 1309134.5000000002 172.26148107383165 0.0097028090453802913
decision_type=2 2 2 2 2 2
left_child=4 2 -2 -3 5 -1
right_child=1 3 -4 -5 -6 -7
leaf_value=0.056491955100609677 0.014967352513047446 0.0070514067672359558 -0.41296893463924783 -0.14038635824903639 0.12288671619675517 -0.060726443482176817
leaf_weight=32.304584421217442 10.800959318876268 210.97161991847679 5.6942350268363944 9.5294641200453025 15.580328427255152 20.905696569010615
leaf_count=63 24 633 30 46 29 77
internal_value=0.00140619 -0.0086079 -0.132759 0.000679535 0.0359066 0.0104382
internal_weight=305.787 236.996 16.4952 220.501 68.7906 53.2103
internal_count=902 733 54 679 169 140
is_linear=0
shrinkage=0.140573


Tree=40
num_leaves=5
num_cat=0
split_feature=6 2 5 8
split_gain=5.0307 13.1632 6.32545 9.24125
threshold=12970.354363739205 97.085000000000022 15526.529744083264 90.738332633301766
decision_type=2 2 2 2
left_child=1 -1 -2 -4
right_child=2 -3 3 -5
leaf_value=0.08671870013803093 0.086784125954794275 -0.2427215613491446 -0.13885222198486652 0.0041766235057287384
leaf_weight=4.2709189802408201 17.400254845619202 5.4614942660555243 9.2347734216600639 267.54961565835401
leaf_count=7 32 37 52 774
internal_value=0.00128323 -0.0981517 0.00457281 -0.000595459
internal_weight=303.917 9.73241 294.185 276.784
internal_count=902 44 858 826
is_linear=0
shrinkage=0.140573


Tree=41
num_leaves=8
num_cat=0
split_feature=6 9 5 10 4 4 14
split_gain=4.81651 10.6613 15.8299 7.03562 6.19157 10.9795 8.67824
threshold=161446.40905219005 2.0232873538637014e-07 44894.705000000009 8.1279400982476088e-08 0.0057836162842866976 0.0049591643401218364 0.17420707576051567
decision_type=2 2 2 2 2 2 2
left_child=1 3 -3 -1 5 -2 -6
right_child=4 2 -4 -5 6 -7 -8
leaf_value=-0.0053296994200928861 -0.019341262366416347 0.019941323040310401 -0.16518780893658028 -0.23808835264530617 -0.12827822926787366 0.1800286361480696 0.010712759542057797
leaf_weight=3.9820761010050756 10.632206521928312 60.830198803450912 10.738356331363319 7.2176156081259251 9.3173377159982902 11.217218738049267 187.80896116606891
leaf_count=17 32 165 62 38 39 14 535
internal_value=0.00109381 -0.0277941 -0.00783598 -0.155331 0.0120128 0.0830127 0.00414323
internal_weight=301.744 82.7682 71.5686 11.1997 218.976 21.8494 197.126
internal_count=902 282 227 55 620 46 574
is_linear=0
shrinkage=0.140573


Tree=42
num_leaves=8
num_cat=0
split_feature=7 3 4 6 9 10 12
split_gain=5.32119 9.09428 24.8357 7.7953 18.3199 7.53909 7.05147
threshold=88.636227544910199 8.5000000000000018 0.0065285627622828643 338264.376962437 2.1627976190476188e-07 2.090882097155192e-08 0.22594684971204607
decision_type=2 2 2 2 2 2 2
left_child=3 2 -2 4 -1 -5 -3
right_child=1 6 -4 5 -6 -7 -8
leaf_value=-0.15539605826379513 0.01262382701936687 0.018782093788025395 -0.34004113298214222 0.010102622145902991 0.070341217290333116 0.16461629051801455 -0.032718228351475052
leaf_weight=10.812040675431492 11.831340804696085 140.48100097896531 5.9206523969769469 11.023367062211038 20.716816499829292 14.380708597600458 83.922174437902868
leaf_count=47 27 411 31 39 40 19 288
internal_value=0.000951546 -0.00814009 -0.104997 0.0396214 -0.00706975 0.0975696 -0.000477962
internal_weight=299.088 242.155 17.752 56.9329 31.5289 25.4041 224.403
internal_count=902 757 58 145 87 58 699
is_linear=0
shrinkage=0.140573


Tree=43
num_leaves=5
num_cat=0
split_feature=6 10 7 11
split_gain=4.7536 5.78532 7.3325 1.87419
threshold=12970.354363739205 3.8289394769031442e-06 275.54127459366987 -0.51861457551383028
decision_type=2 2 2 2
left_child=3 2 -2 -1
right_child=1 -3 -4 -5
leaf_value=-0.031514533069900055 0.016698619995475904 0.09397773732475416 -0.031299063049473191 -0.15990533670938353
leaf_weight=4.2365634236484766 176.72174197621644 13.469689274672417 97.64803397282958 4.7835904713720065
leaf_count=18 479 41 338 26
internal_value=0.000883011 0.004032 -0.000383721 -0.0996032
internal_weight=296.86 287.839 274.37 9.02015
internal_count=902 858 817 44
is_linear=0
shrinkage=0.140573


Tree=44
num_leaves=7
num_cat=0
split_feature=4 3 10 4 10 7
split_gain=4.66058 13.9466 17.372 9.01858 7.27705 4.59098
threshold=0.011653334986006016 10.500000000000002 1.694838960105394e-07 0.012506578432310568 3.6013929690595868e-07 115.76129883090962
decision_type=2 2 2 2 2 2
left_child=1 5 -3 -2 -5 -1
right_child=3 2 -4 4 -6 -7
leaf_value=0.075718822310610001 0.1023177524371684 -0.15034622888364566 -0.011761509738718819 -0.016813058896015424 0.053064099473302852 -0.015971723422054024
leaf_weight=30.227974727749825 21.185815947595984 25.217793455347419 61.378486140631139 99.105009637773037 41.902101281099021 16.781909517943859
leaf_count=61 40 108 202 328 121 42
internal_value=0.000785696 -0.0186557 -0.0521189 0.0168005 0.00395184 0.0429865
internal_weight=295.799 133.606 86.5963 162.193 141.007 47.0099
internal_count=902 413 310 489 449 103
is_linear=0
shrinkage=0.140573


Tree=45
num_leaves=7
num_cat=0
split_feature=6 7 10 9 8 7
split_gain=4.69293 7.69039 12.7176 9.64563 5.92173 8.97281
threshold=161446.40905219005 240.81529797547765 3.8289394769031442e-06 7.9279761904761924e-07 93.308809320347891 88.636227544910199
decision_type=2 2 2 2 2 2
left_child=1 3 -3 -1 -2 -6
right_child=4 2 -4 -5 5 -7
leaf_value=-0.05091299150244994 -0.13315976823516096 -0.2287882955595 0.03872394702663115 0.061039747990225941 0.094422422184770746 0.0045697301759379024
leaf_weight=39.381746668368578 5.4528635144233695 8.6962516126222891 5.8904488142579785 24.77503888681531 24.91533562541008 185.27787033468485
leaf_count=132 34 62 33 55 46 540
internal_value=0.000743417 -0.0286281 -0.120761 -0.00768086 0.0114685 0.0152205
internal_weight=294.39 78.7435 14.5867 64.1568 215.646 210.193
internal_count=902 282 95 187 620 586
is_linear=0
shrinkage=0.140573


Tree=46
num_leaves=6
num_cat=0
split_feature=6 3 14 2 4
split_gain=4.53698 4.43696 9.14226 4.77397 1.4049
threshold=12970.354363739205 36.500000000000007 0.39952806438123373 195148.50000000003 0.0045314110676275008
decision_type=2 2 2 2 2
left_child=4 3 -3 -2 -1
right_child=1 2 -4 -5 -6
leaf_value=-0.036832439267141727 0.0094189522540955948 -0.092124575468120681 0.0031404199023909677 0.0801884080799007 -0.15009948321554398
leaf_weight=3.9361685365438444 140.33164313621819 25.131797645241022 95.740423775510862 21.756529655307531 4.806281135417521
leaf_count=12 373 127 307 51 32
internal_value=0.000635601 0.00371716 -0.0166671 0.0189181 -0.0991027
internal_weight=291.703 282.96 120.872 162.088 8.74245
internal_count=902 858 434 424 44
is_linear=0
shrinkage=0.140573


Tree=47
num_leaves=7
num_cat=0
split_feature=13 3 13 8 3 12
split_gain=3.76326 7.19878 8.22529 5.58413 6.74358 4.51362
threshold=-0.2508016988980199 149.50000000000003 -0.78393022225680553 256.87208041427482 265.00000000000006 0.043085436456736646
decision_type=2 2 2 2 2 2
left_child=1 5 -3 -2 -5 -1
right_child=3 2 -4 4 -6 -7
leaf_value=-0.067875947792042368 -0.062400663648817703 0.063017870445614396 -0.23548210213003024 0.069525384326477507 -0.060533863813349742 0.0031494274670519178
leaf_weight=19.436480939388275 10.885179074481128 2.7217171117663383 5.5316556859761459 46.734580211341381 9.4751507937908155 195.74371900130063
leaf_count=75 39 27 41 127 26 567
internal_value=0.000559492 -0.00820771 -0.137046 0.0297553 0.0476016 -0.00326604
internal_weight=290.528 223.434 8.25337 67.0949 56.2097 215.18
internal_count=902 710 68 192 153 642
is_linear=0
shrinkage=0.140573


Tree=48
num_leaves=5
num_cat=0
split_feature=8 8 8 7
split_gain=3.6533 5.4024 6.501 4.77721
threshold=4361.4110030477177 2003.0490133993574 1697.469929258639 554.93413173652709
decision_type=2 2 2 2
left_child=1 2 -1 -3
right_child=-2 3 -4 -5
leaf_value=-0.0019759520657180703 0.083247479048523643 0.038624246755074108 0.13415185154042689 -0.15262291053753912
leaf_weight=258.63055848749354 10.173379689455031 3.7177199721336356 7.1234741881489745 8.4413897958584112
leaf_count=789 32 12 18 51
internal_value=0.000509357 -0.00251938 0.00167292 -0.0941478
internal_weight=288.087 277.913 265.754 12.1591
internal_count=902 870 807 63
is_linear=0
shrinkage=0.140573


Tree=49
num_leaves=8
num_cat=0
split_feature=6 9 7 4 4 14 8
split_gain=3.34883 9.15986 9.30648 6.17924 8.16874 7.6024 4.76797
threshold=84231.180780233932 3.011362988309096e-07 93.002741504941937 0.0057836162842866976 0.0048743479533938103 0.17420707576051567 82.425415650969498
decision_type=2 2 2 2 2 2 2
left_child=1 6 -3 4 -2 -5 -1
right_child=3 2 -4 5 -6 -7 -8
leaf_value=-0.030742438443981019 -0.0012151116305620646 0.086794248524889595 -0.050677359263038325 -0.12482337146710856 0.15414736319767489 0.0052936210545161382 -0.23620514897676945
leaf_weight=3.6292708953842503 14.367307644337417 14.69423037022352 28.811206132639199 9.2894295919686538 12.511116687208412 198.11360553558916 5.7967343917116523
leaf_count=17 40 26 118 42 22 605 32
internal_value=0.000469343 -0.0314651 -0.00424544 0.00768433 0.0711015 -0.000534218 -0.157097
internal_weight=287.213 52.9314 43.5054 234.281 26.8784 207.403 9.42601
internal_count=902 193 144 709 62 647 49
is_linear=0
shrinkage=0.140573


Tree=50
num_leaves=5
num_cat=0
split_feature=6 10 2 4
split_gain=3.66999 4.17954 5.61527 1.15781
threshold=12970.354363739205 3.8289394769031442e-06 843.24500000000012 0.0045314110676275008
decision_type=2 2 2 2
left_child=3 2 -2 -1
right_child=1 -3 -4 -5
leaf_value=-0.034766497082198269 0.10806040264677402 0.084561129730855181 -0.0043131784056955318 -0.13931798365489309
leaf_weight=3.8921833513304573 9.0997032076120359 11.942576426081358 255.82112556416541 4.5282408739440143
leaf_count=12 15 41 802 32
internal_value=0.000433279 0.00321384 -0.000453279 -0.0909912
internal_weight=285.284 276.863 264.921 8.42042
internal_count=902 858 817 44
is_linear=0
shrinkage=0.140573


Tree=51
num_leaves=8
num_cat=0
split_feature=7 6 10 6 6 9 10
split_gain=3.25489 8.05062 7.10284 5.92241 5.70969 13.9091 7.12151
threshold=88.636227544910199 34368.419970240517 4.4882218519929001e-08 22119.3387248365 338264.376962437 2.1627976190476188e-07 2.090882097155192e-08
decision_type=2 2 2 2 2 2 2
left_child=4 3 -3 -2 5 -1 -6
right_child=1 2 -4 -5 6 -7 -8
leaf_value=-0.14278830466544126 -0.21497500566286637 -0.056210280556027753 0.010598546081107491 -0.0082985135907615581 -0.001626769332888646 0.06138063282249185 0.1550851141131423
leaf_weight=10.086167775094511 6.1919415150769037 37.964739244431257 183.15085324458778 4.9143281579017639 10.459282344207169 19.042064681649208 12.673671178519724
leaf_count=47 46 149 542 20 39 40 19
internal_value=0.000394875 -0.00673826 -0.00087228 -0.123524 0.0320909 -0.00931645 0.0842297
internal_weight=284.483 232.222 221.116 11.1063 52.2612 29.1282 23.133
internal_count=902 757 691 66 145 87 58
is_linear=0
shrinkage=0.140573


Tree=52
num_leaves=7
num_cat=0
split_feature=4 4 8 3 4 4
split_gain=3.69444 10.0906 11.8919 9.24354 7.55967 7.07506
threshold=0.011653334986006016 0.0097028090453802913 793.28872187233912 10.500000000000002 0.012506578432310568 0.013174757996891219
decision_type=2 2 2 2 2 2
left_child=1 3 -3 -1 -2 -6
right_child=4 2 -4 -5 5 -7
leaf_value=0.051345613206318794 0.095023138049582762 -0.1942425539767586 0.02297813806625288 -0.033445319365921447 -0.14425049175728738 0.0099624261718050354
leaf_weight=42.047767467796803 20.253551997710019 12.414783843327315 8.316505663096903 64.19515756610781 6.1604470051825038 128.62241623783484
leaf_count=92 40 65 28 228 28 421
internal_value=0.000386009 -0.0173928 -0.107103 0.000112379 0.0149468 0.00291389
internal_weight=282.011 126.974 20.7313 106.243 155.036 134.783
internal_count=902 413 93 320 489 449
is_linear=0
shrinkage=0.140573


Tree=53
num_leaves=7
num_cat=0
split_feature=2 2 2 3 8 13
split_gain=3.19229 10.7341 6.06969 5.01951 9.24328 5.82168
threshold=6170.8750000000009 4331.5000000000009 2914.7850000000003 25.500000000000004 743.2952821368068 -0.98668904010193381
decision_type=2 2 2 2 2 2
left_child=1 2 -1 5 -5 -2
right_child=3 -3 -4 4 -6 -7
leaf_value=-0.035541325928729987 0.13397529903063954 -0.16874210516245525 0.079562688442328292 -0.045435714729115069 0.027501665667722011 0.020659474909798869
leaf_weight=30.734886062797159 10.077284317463635 9.2002489035949093 12.83289837092161 69.420342545490712 67.93384613469243 80.755826867185533
leaf_count=113 26 41 32 271 214 205
internal_value=0.000387261 -0.0307726 -0.00163738 0.00759294 -0.00936169 0.0332311
internal_weight=280.955 52.768 43.5678 228.187 137.354 90.8331
internal_count=902 186 145 716 485 231
is_linear=0
shrinkage=0.140573


Tree=54
num_leaves=8
num_cat=0
split_feature=12 0 13 0 14 12 4
split_gain=3.02158 8.88994 15.179 10.3854 6.91939 9.04217 8.51371
threshold=0.071404996726225703 0.0083885506323162461 -0.2508016988980199 0.0019299646683574609 0.17824392030746158 0.10089208890968253 0.0042580858690970955
decision_type=2 2 2 2 2 2 2
left_child=1 3 -3 -1 6 -6 -2
right_child=4 2 -4 -5 5 -7 -8
leaf_value=-0.10498961254509113 0.03226231100932337 -0.2703647283123089 0.076306457562024713 0.051302124880132284 0.081897275878053746 0.00090938910900441078 -0.21118198511110409
leaf_weight=12.454148434102533 5.2437419742345792 6.8518993514589965 3.9257762730121595 25.818231014534831 31.854803211987019 188.12287276168354 6.1893951240926981
leaf_count=53 13 49 8 71 72 603 33
internal_value=0.000377984 -0.0313144 -0.144089 0.000443463 0.00709555 0.0126372 -0.0995276
internal_weight=280.461 49.0501 10.7777 38.2724 231.411 219.978 11.4331
internal_count=902 181 57 124 721 675 46
is_linear=0
shrinkage=0.140573


Tree=55
num_leaves=8
num_cat=0
split_feature=7 8 0 3 4 7 7
split_gain=3.08176 15.0734 13.2848 11.1661 6.4929 10.7393 10.0582
threshold=275.54127459366987 633.03955268022844 0.0019299646683574609 23.500000000000004 0.014059894406211361 179.96843812375252 190.3928571428572
decision_type=2 2 2 2 2 2 2
left_child=4 3 -3 -2 6 -6 -1
right_child=1 2 -4 -5 5 -7 -8
leaf_value=0.0067327728447031492 0.00081676366466085725 -0.10899978373122847 0.038361092151100715 -0.19654106099159455 0.0068303505817686816 0.12539102870648025 -0.12064657337468776
leaf_weight=93.003203131258488 9.4414854720234889 14.912160658277569 63.858622138388455 14.162833745591341 46.562426470220089 22.341079745441675 14.10800020676106
leaf_count=256 24 63 202 100 153 45 59
internal_value=0.000330092 -0.0190632 0.0104641 -0.1176 0.0116098 0.0452722 -0.0100448
internal_weight=278.39 102.375 78.7708 23.6043 176.015 68.9035 107.111
internal_count=902 389 265 124 513 198 315
is_linear=0
shrinkage=0.140573


Tree=56
num_leaves=5
num_cat=0
split_feature=14 13 8 0
split_gain=3.20544 4.13977 4.26897 2.75441
threshold=1.8011899137432998 -0.20134417860022435 2003.0490133993574 0.01180446306386998
decision_type=2 2 2 2
left_child=1 2 -1 -3
right_child=-2 3 -4 -5
leaf_value=-0.00052856728164231827 -0.086172076968814501 0.078933006206936954 -0.10542659624321454 0.0028247519217169796
leaf_weight=221.80604067654349 8.2151435972191376 21.588478778488934 7.9409139470662913 16.638910070061684
leaf_count=698 30 67 55 52
internal_value=0.000321165 0.00297275 -0.00415424 0.0458061
internal_weight=276.189 267.974 229.747 38.2274
internal_count=902 872 753 119
is_linear=0
shrinkage=0.140573


Tree=57
num_leaves=8
num_cat=0
split_feature=9 6 9 7 13 10 13
split_gain=3.04901 9.83231 10.5887 7.62149 7.14331 11.2908 6.3592
threshold=2.4916666666666663e-07 284725.5139724373 1.1036072433446359e-07 513.12247023809539 -0.80447517817595215 2.089461741853762e-07 -0.70963143209883717
decision_type=2 2 2 2 2 2 2
left_child=1 2 -1 -3 5 -2 -6
right_child=4 3 -4 -5 6 -7 -8
leaf_value=-0.24970111339285239 0.12891460029671742 0.016383121133752968 -0.041422897454658977 -0.084303188939799836 0.12337131044818089 -0.15958640844888983 0.017249327229422986
leaf_weight=6.2388624437153366 3.7220954783260813 117.02354962658137 21.261125201359391 17.016286799684167 12.786448363214729 9.5801650942303223 87.629538107896224
leaf_count=38 12 326 80 74 30 94 248
internal_value=0.000305652 -0.0121076 -0.0886746 0.00360104 0.0179391 -0.078861 0.0307624
internal_weight=275.258 161.54 27.5 134.04 113.718 13.3023 100.416
internal_count=902 518 118 400 384 106 278
is_linear=0
shrinkage=0.140573


Tree=58
num_leaves=4
num_cat=0
split_feature=11 12 14
split_gain=2.75543 4.96315 4.36838
threshold=0.29759250882671223 1.2513618323590181 0.92982893752215012
decision_type=2 2 2
left_child=1 2 -1
right_child=-2 -3 -4
leaf_value=0.0039379117262704436 -0.084541528637333441 0.10896868577227389 -0.070738905740473271
leaf_weight=240.27859615022317 7.3690192066133013 8.3945397213101369 16.545303658815101
leaf_count=777 30 18 77
internal_value=0.000247816 0.00260367 -0.00087297
internal_weight=272.587 265.218 256.824
internal_count=902 872 854
is_linear=0
shrinkage=0.140573


Tree=59
num_leaves=7
num_cat=0
split_feature=7 3 4 9 8 14
split_gain=2.76401 7.95948 14.5305 5.45342 4.71386 6.77698
threshold=88.636227544910199 8.5000000000000018 0.0058224779860273643 3.3573593073593087e-08 161.65343718976268 0.35878652590002541
decision_type=2 2 2 2 2 2
left_child=4 2 -2 -3 5 -1
right_child=1 3 -4 -5 -6 -7
leaf_value=0.061911266552320404 0.026302518374710551 -0.063772712242771382 -0.24052528558872194 0.0090541194365477279 0.11042024967606104 -0.057010593882537708
leaf_weight=20.416493025608361 8.4241017550230044 22.844737268984318 7.7369277682155362 183.74014417827129 11.222584858536718 17.660266377031803
leaf_count=52 20 96 38 603 25 68
internal_value=0.000234415 -0.00643162 -0.101438 0.00100072 0.0303531 0.00675444
internal_weight=272.045 222.746 16.161 206.585 49.2993 38.0768
internal_count=902 757 58 699 145 120
is_linear=0
shrinkage=0.140573


Tree=60
num_leaves=8
num_cat=0
split_feature=3 11 9 0 2 6 4
split_gain=2.61142 7.91355 8.2576 6.36914 4.05392 7.26575 6.20395
threshold=42.500000000000007 -0.29219644487255308 2.6508928571428573e-07 0.012779683161848781 69899.000000000015 985829.27619279781 0.01723795228205827
decision_type=2 2 2 2 2 2 2
left_child=4 2 -2 -3 5 -1 -6
right_child=1 3 -4 -5 6 -7 -8
leaf_value=0.0054216168050098068 -0.13295408744870407 0.054115263112969297 -0.0058714406275430604 -0.040767176799073622 0.08328892899738928 -0.13497000827916258 -0.01380001566402882
leaf_weight=110.83346447814256 19.073843059130013 34.217497911304235 21.48492023954168 23.638025457039475 31.19151496887207 7.7970250565558663 22.306787917390466
leaf_count=326 96 98 126 78 67 38 73
internal_value=0.000238564 -0.0180265 -0.0656355 0.0153491 0.0106816 -0.00380566 0.0428065
internal_weight=270.543 98.4143 40.5588 57.8555 172.129 118.63 53.4983
internal_count=902 398 222 176 504 364 140
is_linear=0
shrinkage=0.140573


Tree=61
num_leaves=7
num_cat=0
split_feature=6 8 9 3 8 13
split_gain=2.59548 9.07203 6.6826 6.17758 6.15742 3.4069
threshold=84231.180780233932 90.738332633301766 3.011362988309096e-07 49.500000000000007 124.44936239468093 -0.82123423167717557
decision_type=2 2 2 2 2 2
left_child=2 -2 5 -4 -3 -1
right_child=1 4 3 -5 -6 -7
leaf_value=-0.020062404260688543 -0.19181989464518143 0.090734229443746747 0.018118862221330669 -0.13648623046784966 0.0037385633044235509 -0.21031178833164532
leaf_weight=2.8395152133889496 4.4579381169751278 17.490555224940181 33.487260909751058 6.0261652467306694 198.9526925040409 5.3922530896961671
leaf_count=13 38 39 96 48 632 36
internal_value=0.000256489 0.00668022 -0.0294639 -0.00545983 0.0107686 -0.144686
internal_weight=268.646 220.901 47.7452 39.5134 216.443 8.23177
internal_count=902 709 193 144 671 49
is_linear=0
shrinkage=0.140573


Tree=62
num_leaves=5
num_cat=0
split_feature=6 10 7 14
split_gain=2.32179 3.33809 3.47541 2.80702
threshold=12970.354363739205 3.8289394769031442e-06 275.54127459366987 0.15517473207960533
decision_type=2 2 2 2
left_child=3 2 -2 -1
right_child=1 -3 -4 -5
leaf_value=0.024420305186533858 0.011500168460926967 0.079702663771308566 -0.023193631329875255 -0.15034168511641
leaf_weight=3.1255379468202582 159.86763086821884 10.590510896407066 88.721644938224927 4.3352738590911031
leaf_count=8 479 41 338 36
internal_value=0.000185169 0.00241076 -0.000882062 -0.0771289
internal_weight=266.641 259.18 248.589 7.46081
internal_count=902 858 817 44
is_linear=0
shrinkage=0.140573


end of trees

feature_importances:
trade_count_max=46
trade_count_zscore=39
baseline_volume_std=34
baseline_candle_range_std=30
price_acceleration=28
baseline_trade_count_mean=27
baseline_trade_count_std=27
range_expansion_ratio=25
baseline_candle_range_mean=24
vol_zscore_peak=23
vol_ratio_vs_7d=22
vol_burst_max=15
baseline_volume_mean=14
price_change_max=9

parameters:
[boosting: gbdt]
[objective: binary]
[metric: average_precision]
[tree_learner: serial]
[device_type: cpu]
[data_sample_strategy: bagging]
[data: ]
[valid: ]
[num_iterations: 111]
[learning_rate: 0.140573]
[num_leaves: 69]
[num_threads: 0]
[seed: 0]
[deterministic: 0]
[force_col_wise: 0]
[force_row_wise: 0]
[histogram_pool_size: -1]
[max_depth: 3]
[min_data_in_leaf: 22]
[min_sum_hessian_in_leaf: 0.001]
[bagging_fraction: 0.859359]
[pos_bagging_fraction: 1]
[neg_bagging_fraction: 1]
[bagging_freq: 0]
[bagging_seed: 3]
[bagging_by_query: 0]
[feature_fraction: 0.999141]
[feature_fraction_bynode: 1]
[feature_fraction_seed: 2]
[extra_trees: 0]
[extra_seed: 6]
[early_stopping_round: 0]
[early_stopping_min_delta: 0]
[first_metric_only: 0]
[max_delta_step: 0]
[lambda_l1: 9.80062e-06]
[lambda_l2: 2.36883e-06]
[linear_lambda: 0]
[min_gain_to_split: 0]
[drop_rate: 0.1]
[max_drop: 50]
[skip_drop: 0.5]
[xgboost_dart_mode: 0]
[uniform_drop: 0]
[drop_seed: 4]
[top_rate: 0.2]
[other_rate: 0.1]
[min_data_per_group: 100]
[max_cat_threshold: 32]
[cat_l2: 10]
[cat_smooth: 10]
[max_cat_to_onehot: 4]
[top_k: 20]
[monotone_constraints: ]
[monotone_constraints_method: basic]
[monotone_penalty: 0]
[feature_contri: ]
[forcedsplits_filename: ]
[refit_decay_rate: 0.9]
[cegb_tradeoff: 1]
[cegb_penalty_split: 0]
[cegb_penalty_feature_lazy: ]
[cegb_penalty_feature_coupled: ]
[path_smooth: 0]
[interaction_constraints: ]
[verbosity: -1]
[saved_feature_importance_type: 0]
[use_quantized_grad: 0]
[num_grad_quant_bins: 4]
[quant_train_renew_leaf: 0]
[stochastic_rounding: 1]
[linear_tree: 0]
[max_bin: 255]
[max_bin_by_feature: ]
[min_data_in_bin: 3]
[bin_construct_sample_cnt: 200000]
[data_random_seed: 1]
[is_enable_sparse: 1]
[enable_bundle: 1]
[use_missing: 1]
[zero_as_missing: 0]
[feature_pre_filter: 0]
[pre_partition: 0]
[two_round: 0]
[header: 0]
[label_column: ]
[weight_column: ]
[group_column: ]
[ignore_column: ]
[categorical_feature: ]
[forcedbins_filename: ]
[precise_float_parser: 0]
[parser_config_file: ]
[objective_seed: 5]
[num_class: 1]
[is_unbalance: 0]
[scale_pos_weight: 6.30159]
[sigmoid: 1]
[boost_from_average: 1]
[reg_sqrt: 0]
[alpha: 0.9]
[fair_c: 1]
[poisson_max_delta_step: 0.7]
[tweedie_variance_power: 1.5]
[lambdarank_truncation_level: 30]
[lambdarank_norm: 1]
[label_gain: ]
[lambdarank_position_bias_regularization: 0]
[eval_at: ]
[multi_error_top_k: 1]
[auc_mu_weights: ]
[num_machines: 1]
[local_listen_port: 12400]
[time_out: 120]
[machine_list_filename: ]
[machines: ]
[gpu_platform_id: -1]
[gpu_device_id: -1]
[gpu_use_dp: 0]
[num_gpu: 1]

end of parameters

pandas_categorical:[]
